0 -> 1770,3,4,43
1 -> 14,2,49
10 -> 1018,12
100 -> 101
1000 -> 1002
1001 -> 1000
1002 -> 561
1003 -> 1004,1972
1004 -> 243
1005 -> 1003,1112
1006 -> 1008
1007 -> 38
1008 -> 1007
1009 -> 327
101 -> 12
1010 -> 1011,2580
1011 -> 1009
1012 -> 1249,552
1013 -> 1012
1014 -> 1013
1015 -> 1017,2600
1016 -> 1015,1322
1017 -> 832
1018 -> 1020
1019 -> 10,1468
102 -> 100,2188
1020 -> 1019
1021 -> 1023
1022 -> 1021
1023 -> 1552,328
1024 -> 1026
1025 -> 254
1026 -> 1025
1027 -> 1211,1577,209
1028 -> 1027
1029 -> 1028
103 -> 95
1030 -> 1032
1031 -> 1030
1032 -> 188
1033 -> 1035
1034 -> 584
1035 -> 1034
1036 -> 1037
1037 -> 39
1038 -> 1036
1039 -> 1041,2609
104 -> 103
1040 -> 1039
1041 -> 515
1042 -> 1750,851
1043 -> 1042
1044 -> 1043
1045 -> 1047
1046 -> 340
1047 -> 1046
1048 -> 423
1049 -> 1050
105 -> 104,128,1697
1050 -> 1048
1051 -> 535
1052 -> 1053
1053 -> 1051
1054 -> 1618,605
1055 -> 1056
1056 -> 1054
1057 -> 1058
1058 -> 621
1059 -> 1057
106 -> 107,305
1060 -> 1061
1061 -> 979
1062 -> 1060,2837
1063 -> 242
1064 -> 1065,1375
1065 -> 1063,1312
1066 -> 174,2797
1067 -> 1068
1068 -> 1066
1069 -> 160
107 -> 108,2010,332
1070 -> 1071
1071 -> 1069,1756
1072 -> 1073,2963
1073 -> 1260,998
1074 -> 1072
1075 -> 1076
1076 -> 1077,2636
1077 -> 1515,2421,435
1078 -> 2439,942
1079 -> 1080
108 -> 79
1080 -> 1078,2048
1081 -> 1083
1082 -> 505
1083 -> 1082
1084 -> 237
1085 -> 1084
1086 -> 1085
1087 -> 1089
1088 -> 1764,1948,677
1089 -> 1088
109 -> 110,334
1090 -> 1091
1091 -> 1092
1092 -> 1182,126
1093 -> 1094
1094 -> 1095
1095 -> 180
1096 -> 1766,354
1097 -> 1096
1098 -> 1097
1099 -> 1101
11 -> 5
110 -> 111,114
1100 -> 1099
1101 -> 1176,584
1102 -> 1104
1103 -> 537
1104 -> 1103
1105 -> 2418,903
1106 -> 1105,1501
1107 -> 1106
1108 -> 467
1109 -> 1110,1222
111 -> 2631,566,62,875
1110 -> 1108
1111 -> 1005,1451
1112 -> 1113,2853
1113 -> 1111
1114 -> 873
1115 -> 1114
1116 -> 1115,1288
1117 -> 1118
1118 -> 1119
1119 -> 617
112 -> 113,503
1120 -> 1121
1121 -> 1122,1125
1122 -> 796
1123 -> 1121,2984
1124 -> 1123,2485
1125 -> 1124
1126 -> 1127
1127 -> 1128
1128 -> 599
1129 -> 916
113 -> 110,157
1130 -> 1131,1512
1131 -> 1129
1132 -> 1134,1879
1133 -> 814
1134 -> 1133
1135 -> 1136
1136 -> 748
1137 -> 1135
1138 -> 1140
1139 -> 1138
114 -> 112,393
1140 -> 355
1141 -> 1142
1142 -> 467
1143 -> 1141,2002
1144 -> 1146
1145 -> 1144
1146 -> 589
1147 -> 1149
1148 -> 1147
1149 -> 121
115 -> 116,476
1150 -> 1151,1787
1151 -> 2443,396
1152 -> 1150
1153 -> 1155,1371
1154 -> 89
1155 -> 1154
1156 -> 1158
1157 -> 1412,479
1158 -> 1157
1159 -> 420
116 -> 117,1930
1160 -> 1159,1566
1161 -> 1160,1190
1162 -> 1163
1163 -> 916
1164 -> 1162
1165 -> 1166
1166 -> 1167
1167 -> 2724,546
1168 -> 64
1169 -> 1170
117 -> 1173,98
1170 -> 1168,2007
1171 -> 117
1172 -> 1171,1850
1173 -> 1172
1174 -> 1101
1175 -> 1174
1176 -> 1175
1177 -> 1178,2843
1178 -> 427
1179 -> 1177
118 -> 120
1180 -> 1181
1181 -> 1092
1182 -> 1180
1183 -> 1184
1184 -> 1185
1185 -> 2313,71
1186 -> 1835,2411,792
1187 -> 1186
1188 -> 1187
1189 -> 1191,2919
119 -> 123,92
1190 -> 1189
1191 -> 1161
1192 -> 1194
1193 -> 1192
1194 -> 46
1195 -> 648
1196 -> 1197,2244
1197 -> 1195,1431
1198 -> 1690,548
1199 -> 1200,2043
12 -> 102,11,1307
120 -> 119
1200 -> 1198,1353
1201 -> 1203
1202 -> 262
1203 -> 1202
1204 -> 1417,703
1205 -> 1204,1590
1206 -> 1205
1207 -> 966
1208 -> 1209
1209 -> 1207
121 -> 1148,119
1210 -> 1027,2641
1211 -> 1212
1212 -> 1210
1213 -> 1215
1214 -> 1213
1215 -> 873
1216 -> 436
1217 -> 1216
1218 -> 1217
1219 -> 1220
122 -> 121,1687,2480
1220 -> 420
1221 -> 1219,2452
1222 -> 1224
1223 -> 1109
1224 -> 1223
1225 -> 2118,408
1226 -> 1225
1227 -> 1226
1228 -> 1229
1229 -> 1230
123 -> 122,299,626
1230 -> 739
1231 -> 1232
1232 -> 1233
1233 -> 90
1234 -> 1235
1235 -> 312
1236 -> 1234,2031
1237 -> 1238
1238 -> 2471,628
1239 -> 1237
124 -> 17,177
1240 -> 1241
1241 -> 1242
1242 -> 559
1243 -> 1245
1244 -> 1243
1245 -> 1426,457
1246 -> 65
1247 -> 1248,1374
1248 -> 1246
1249 -> 1250,1325
125 -> 126
1250 -> 1251
1251 -> 1012,2947
1252 -> 827
1253 -> 1252
1254 -> 1253
1255 -> 1256
1256 -> 1478,859
1257 -> 1255
1258 -> 1259,2071
1259 -> 1073
126 -> 1090,124
1260 -> 1258
1261 -> 1263,1271
1262 -> 249
1263 -> 1262,2094
1264 -> 1265
1265 -> 1266,1907
1266 -> 405
1267 -> 1269,1438,1748
1268 -> 1294,1706,792
1269 -> 1268
127 -> 129
1270 -> 1261
1271 -> 1272
1272 -> 1270
1273 -> 1275,2344
1274 -> 2
1275 -> 1274
1276 -> 1278,1817
1277 -> 1276
1278 -> 205
1279 -> 1281,2426,2650
128 -> 127
1280 -> 1279
1281 -> 312
1282 -> 2934,48
1283 -> 1284
1284 -> 1282
1285 -> 1287
1286 -> 496
1287 -> 1286
1288 -> 1290,2212
1289 -> 1116,2574
129 -> 105
1290 -> 1289
1291 -> 1292,2612
1292 -> 43
1293 -> 1291
1294 -> 1296
1295 -> 1268
1296 -> 1295
1297 -> 2450,37
1298 -> 1299
1299 -> 1297,1459
13 -> 15,1729,237
130 -> 132,220
1300 -> 1301
1301 -> 158,2669
1302 -> 1300,2105
1303 -> 1305
1304 -> 1303
1305 -> 953
1306 -> 12,1824
1307 -> 1308
1308 -> 1306
1309 -> 1310
131 -> 1544,18
1310 -> 1311
1311 -> 50
1312 -> 1313
1313 -> 1314
1314 -> 1065
1315 -> 1317
1316 -> 2288,78
1317 -> 1316
1318 -> 283
1319 -> 1318
132 -> 131,282
1320 -> 1319
1321 -> 1323
1322 -> 1321
1323 -> 1016
1324 -> 1249
1325 -> 1326
1326 -> 1324
1327 -> 220
1328 -> 1329
1329 -> 1327
133 -> 134,1878,821
1330 -> 1331
1331 -> 1893,591
1332 -> 1330
1333 -> 819
1334 -> 1333
1335 -> 1334
1336 -> 1338
1337 -> 1336
1338 -> 28
1339 -> 605
134 -> 42
1340 -> 1339,1598
1341 -> 1340,2504
1342 -> 1344,2970
1343 -> 656
1344 -> 1343
1345 -> 1346
1346 -> 1347
1347 -> 339
1348 -> 1349
1349 -> 561
135 -> 133,1653,407
1350 -> 1348,2308
1351 -> 1200,2553
1352 -> 1351
1353 -> 1352
1354 -> 1355
1355 -> 1356,1957
1356 -> 2407,83
1357 -> 1359
1358 -> 2548,435
1359 -> 1358,2330
136 -> 4,997
1360 -> 1362
1361 -> 219
1362 -> 1361,2191
1363 -> 1364
1364 -> 995
1365 -> 1363
1366 -> 1368
1367 -> 496
1368 -> 1367
1369 -> 1370
137 -> 138,144,150
1370 -> 1153
1371 -> 1369,2931
1372 -> 1373,2095
1373 -> 1247
1374 -> 1372,1549
1375 -> 1377,2972
1376 -> 1064
1377 -> 1376
1378 -> 1379
1379 -> 1380
138 -> 136
1380 -> 182
1381 -> 1382
1382 -> 833
1383 -> 1381,1487
1384 -> 2099,769
1385 -> 1386
1386 -> 1384
1387 -> 1389
1388 -> 1387,1612
1389 -> 140
139 -> 184,57
1390 -> 496
1391 -> 1390
1392 -> 1391
1393 -> 1405,790
1394 -> 1393
1395 -> 1394
1396 -> 1398,1841
1397 -> 1396
1398 -> 1505,635
1399 -> 1400
14 -> 13
140 -> 1388,139,1852
1400 -> 1401
1401 -> 2114,679
1402 -> 1403
1403 -> 161,1828
1404 -> 1402
1405 -> 1407
1406 -> 1393
1407 -> 1406
1408 -> 1410
1409 -> 1408
141 -> 140,201,453
1410 -> 591
1411 -> 1157
1412 -> 1413
1413 -> 1411
1414 -> 652
1415 -> 1414
1416 -> 1415
1417 -> 1419
1418 -> 1204
1419 -> 1418
142 -> 137
1420 -> 1421,1627
1421 -> 333
1422 -> 1420
1423 -> 1425
1424 -> 1423
1425 -> 482
1426 -> 1427
1427 -> 1428
1428 -> 1245
1429 -> 1197
143 -> 142,259,283,855
1430 -> 1429,2774
1431 -> 1430,1939
1432 -> 929
1433 -> 1434
1434 -> 1432
1435 -> 1437
1436 -> 1435
1437 -> 440
1438 -> 1439
1439 -> 1440,1495
144 -> 143,377
1440 -> 1267
1441 -> 1442,2202
1442 -> 561
1443 -> 1441
1444 -> 1445
1445 -> 966
1446 -> 1444
1447 -> 1448
1448 -> 184
1449 -> 1447
145 -> 146,178,1983
1450 -> 1111,1796
1451 -> 1452
1452 -> 1450,1524
1453 -> 329
1454 -> 1453,2871
1455 -> 1454
1456 -> 1457
1457 -> 501
1458 -> 1456
1459 -> 1460
146 -> 195,65
1460 -> 1461
1461 -> 1299
1462 -> 1463
1463 -> 1464
1464 -> 839
1465 -> 766
1466 -> 1465
1467 -> 1466
1468 -> 1470
1469 -> 1019,2702
147 -> 145,397
1470 -> 1469
1471 -> 1472
1472 -> 1473
1473 -> 641
1474 -> 1475
1475 -> 1476
1476 -> 465
1477 -> 1256
1478 -> 1479
1479 -> 1477
148 -> 149
1480 -> 1481
1481 -> 1482,2338
1482 -> 524
1483 -> 1484
1484 -> 443
1485 -> 1483
1486 -> 1488
1487 -> 1486,1846
1488 -> 1383
1489 -> 1491
149 -> 137
1490 -> 279,2896
1491 -> 1490
1492 -> 504
1493 -> 1492
1494 -> 1493
1495 -> 1496
1496 -> 1497
1497 -> 1439
1498 -> 1499,2689
1499 -> 1500
15 -> 1,232,662
150 -> 148,2136
1500 -> 671
1501 -> 1503
1502 -> 1106
1503 -> 1502
1504 -> 1398
1505 -> 1506,2241,2577,2937
1506 -> 1504
1507 -> 1509
1508 -> 1507,1630
1509 -> 1520,656
151 -> 63
1510 -> 1511
1511 -> 1130
1512 -> 1510
1513 -> 1514
1514 -> 1077
1515 -> 1513
1516 -> 1518
1517 -> 1516
1518 -> 2389,336
1519 -> 1521
152 -> 151
1520 -> 1519
1521 -> 1509
1522 -> 1452
1523 -> 1522
1524 -> 1523,2227
1525 -> 1527
1526 -> 1525
1527 -> 621
1528 -> 1530
1529 -> 1969,589
153 -> 152
1530 -> 1529
1531 -> 2044,521
1532 -> 1531
1533 -> 1532
1534 -> 1536
1535 -> 1534
1536 -> 43
1537 -> 567
1538 -> 1537
1539 -> 1538,2464
154 -> 155,780,813
1540 -> 691
1541 -> 1542
1542 -> 1540
1543 -> 1545
1544 -> 1543,1641
1545 -> 131
1546 -> 321
1547 -> 1548
1548 -> 1546
1549 -> 1551
155 -> 65
1550 -> 1374,1864
1551 -> 1550,1917
1552 -> 1553
1553 -> 1554,1926
1554 -> 1023
1555 -> 1557
1556 -> 275
1557 -> 1556
1558 -> 17
1559 -> 1560
156 -> 154,1956,262,805
1560 -> 1558
1561 -> 1563
1562 -> 1561
1563 -> 1635,2065,216
1564 -> 1160,2596
1565 -> 1564
1566 -> 1565
1567 -> 91
1568 -> 1569
1569 -> 1567
157 -> 158,648,707
1570 -> 272
1571 -> 1572
1572 -> 1570
1573 -> 1575,1609
1574 -> 296
1575 -> 1574
1576 -> 1578,1821
1577 -> 1576,1943,2173
1578 -> 1027
1579 -> 1581
158 -> 1302,159,2824
1580 -> 170
1581 -> 1580
1582 -> 1583
1583 -> 985
1584 -> 1582
1585 -> 169
1586 -> 1587
1587 -> 1585,2496
1588 -> 1205
1589 -> 1588
159 -> 113,327
1590 -> 1589,2660
1591 -> 1593
1592 -> 417
1593 -> 1592
1594 -> 1596
1595 -> 275
1596 -> 1595
1597 -> 1599
1598 -> 1597
1599 -> 1340
16 -> 170,28,4,95
160 -> 1070,2017,61
1600 -> 1601
1601 -> 1602,2169
1602 -> 438
1603 -> 1604
1604 -> 1605
1605 -> 1703,621
1606 -> 1608
1607 -> 1606
1608 -> 630
1609 -> 1611
161 -> 1404,162,163
1610 -> 1573
1611 -> 1610
1612 -> 1613
1613 -> 1614
1614 -> 1388,2731
1615 -> 420
1616 -> 1615
1617 -> 1616
1618 -> 1619
1619 -> 1620
162 -> 160,944
1620 -> 1054
1621 -> 1622
1622 -> 2381,479
1623 -> 1621,2277
1624 -> 987
1625 -> 1626
1626 -> 1624
1627 -> 1628,1753
1628 -> 1629
1629 -> 1420
163 -> 165
1630 -> 1631
1631 -> 1632
1632 -> 1508,1674
1633 -> 1634
1634 -> 1563,2015
1635 -> 1633,2786
1636 -> 1638,2051
1637 -> 402
1638 -> 1637
1639 -> 1544
164 -> 161,714
1640 -> 1639
1641 -> 1640
1642 -> 1643
1643 -> 840
1644 -> 1642
1645 -> 1647
1646 -> 1645
1647 -> 330
1648 -> 1649
1649 -> 621
165 -> 164
1650 -> 1648,1937,2248
1651 -> 135
1652 -> 1651
1653 -> 1652
1654 -> 851
1655 -> 1656
1656 -> 1654
1657 -> 1658,2154
1658 -> 1659
1659 -> 634
166 -> 168
1660 -> 1661
1661 -> 393
1662 -> 1660
1663 -> 510
1664 -> 1663
1665 -> 1664
1666 -> 1667
1667 -> 929
1668 -> 1666
1669 -> 1670
167 -> 2084,60
1670 -> 241
1671 -> 1669
1672 -> 1632
1673 -> 1672
1674 -> 1673
1675 -> 434
1676 -> 1677
1677 -> 1675
1678 -> 359
1679 -> 1680
168 -> 167
1680 -> 1678
1681 -> 1682
1682 -> 1744,816
1683 -> 1681,2663
1684 -> 1686
1685 -> 73
1686 -> 1685
1687 -> 1689
1688 -> 122
1689 -> 1688
169 -> 1586,16
1690 -> 1692
1691 -> 1198
1692 -> 1691,2068
1693 -> 1694
1694 -> 189,2827
1695 -> 1693
1696 -> 1698
1697 -> 1696
1698 -> 105
1699 -> 1700
17 -> 125,1559,18,2648,35,415,768
170 -> 1579,171,2282,741
1700 -> 312
1701 -> 1699
1702 -> 1605,2343
1703 -> 1704,2374
1704 -> 1702
1705 -> 1268,2034
1706 -> 1707
1707 -> 1705
1708 -> 1709
1709 -> 1710
171 -> 169
1710 -> 565
1711 -> 1713
1712 -> 1711,1945,1960
1713 -> 738
1714 -> 2261,99
1715 -> 1716
1716 -> 1714
1717 -> 211
1718 -> 1719,2235
1719 -> 1717,2543
172 -> 173,240,342,362
1720 -> 1722,2999
1721 -> 1720
1722 -> 55
1723 -> 91
1724 -> 1725
1725 -> 1723
1726 -> 2545,615
1727 -> 1726
1728 -> 1727
1729 -> 1731
173 -> 174,247
1730 -> 13
1731 -> 1730
1732 -> 404
1733 -> 1734,2541
1734 -> 1732
1735 -> 1737
1736 -> 2639,308
1737 -> 1736
1738 -> 1740
1739 -> 768
174 -> 1067,50,545
1740 -> 1739
1741 -> 703
1742 -> 1743,2859
1743 -> 1741,2133,2888
1744 -> 1745
1745 -> 1746
1746 -> 1682
1747 -> 1267
1748 -> 1749
1749 -> 1747
175 -> 124,2304
1750 -> 1752
1751 -> 1042
1752 -> 1751
1753 -> 1755
1754 -> 1627
1755 -> 1754
1756 -> 1758
1757 -> 1071
1758 -> 1757
1759 -> 1761
176 -> 175,542
1760 -> 427
1761 -> 1760
1762 -> 1763
1763 -> 1088
1764 -> 1762
1765 -> 1767
1766 -> 1765
1767 -> 1096
1768 -> 0
1769 -> 1768
177 -> 176
1770 -> 1769
1771 -> 1773,2028,2036,2735
1772 -> 1771
1773 -> 2230,695
1774 -> 1776
1775 -> 1774
1776 -> 703
1777 -> 274
1778 -> 1777
1779 -> 1778
178 -> 179
1780 -> 1781,2387
1781 -> 830
1782 -> 1780
1783 -> 1785
1784 -> 1783
1785 -> 958
1786 -> 1788,1989
1787 -> 1786
1788 -> 1150
1789 -> 1790
179 -> 180,322
1790 -> 1791
1791 -> 753
1792 -> 1793
1793 -> 1794
1794 -> 1803,686
1795 -> 1797
1796 -> 1795,2502
1797 -> 1450,1800
1798 -> 1799
1799 -> 1797
18 -> 130,16,654
180 -> 1093,145,228
1800 -> 1798
1801 -> 1802
1802 -> 1794
1803 -> 1801
1804 -> 1805
1805 -> 1806,2383
1806 -> 710
1807 -> 747
1808 -> 1807
1809 -> 1808,2440
181 -> 182,2530
1810 -> 1812
1811 -> 1810
1812 -> 857
1813 -> 2378,249
1814 -> 1815
1815 -> 1813,2583
1816 -> 1276
1817 -> 1818
1818 -> 1816
1819 -> 1820
182 -> 1378,22,295
1820 -> 1576
1821 -> 1819,2158
1822 -> 1306
1823 -> 1822
1824 -> 1823
1825 -> 1826
1826 -> 1980,995
1827 -> 1825
1828 -> 1829
1829 -> 1830
183 -> 181,410
1830 -> 1403
1831 -> 401
1832 -> 1831
1833 -> 1832
1834 -> 1186
1835 -> 1836,2079
1836 -> 1834,2765
1837 -> 1838
1838 -> 1839
1839 -> 50
184 -> 1449,186
1840 -> 1842
1841 -> 1840,2823
1842 -> 1396
1843 -> 1845,2507
1844 -> 455
1845 -> 1844
1846 -> 1847
1847 -> 1848
1848 -> 1487,2674
1849 -> 1851
185 -> 139
1850 -> 1849
1851 -> 1172
1852 -> 1853
1853 -> 1854
1854 -> 140
1855 -> 2812,637
1856 -> 1855
1857 -> 1856
1858 -> 1860,2711
1859 -> 1858,2399
186 -> 185,1933,2603
1860 -> 2181,459
1861 -> 1863,1995
1862 -> 1861
1863 -> 900
1864 -> 1866,2462
1865 -> 1550
1866 -> 1865
1867 -> 1869
1868 -> 31
1869 -> 1868
187 -> 343,41
1870 -> 1871
1871 -> 361
1872 -> 1870,2428
1873 -> 1875
1874 -> 531
1875 -> 1874
1876 -> 133
1877 -> 1876
1878 -> 1877
1879 -> 1881
188 -> 1031,187,206,521,962
1880 -> 1132
1881 -> 1880
1882 -> 1884,2943
1883 -> 93
1884 -> 1883
1885 -> 1886
1886 -> 2392,67
1887 -> 1885
1888 -> 1890
1889 -> 78
189 -> 1695,188
1890 -> 1889,2750
1891 -> 1331
1892 -> 1891
1893 -> 1892,2064
1894 -> 1895
1895 -> 702
1896 -> 1894
1897 -> 1899
1898 -> 516
1899 -> 1898
19 -> 21,22
190 -> 192
1900 -> 1902,2305
1901 -> 1900
1902 -> 522
1903 -> 1905
1904 -> 212
1905 -> 1904
1906 -> 1265
1907 -> 1908
1908 -> 1906
1909 -> 1911
191 -> 190,217,2725,355
1910 -> 924
1911 -> 1910
1912 -> 1914
1913 -> 545
1914 -> 1913
1915 -> 1551
1916 -> 1915,2090
1917 -> 1916,2882
1918 -> 1920,2907
1919 -> 1918
192 -> 82
1920 -> 219
1921 -> 957
1922 -> 1923,2434
1923 -> 1921,2704
1924 -> 1553
1925 -> 1924
1926 -> 1925
1927 -> 57
1928 -> 1929
1929 -> 1927
193 -> 146,403
1930 -> 1932
1931 -> 116
1932 -> 1931
1933 -> 1935
1934 -> 186
1935 -> 1934
1936 -> 1650
1937 -> 1938
1938 -> 1936
1939 -> 1940
194 -> 193,204,2716,976
1940 -> 1941
1941 -> 1431
1942 -> 1944
1943 -> 1942
1944 -> 1577
1945 -> 1947
1946 -> 1712
1947 -> 1946
1948 -> 1949
1949 -> 1950
195 -> 194,2319
1950 -> 1088
1951 -> 685
1952 -> 1953
1953 -> 1951
1954 -> 156
1955 -> 1954
1956 -> 1955
1957 -> 1959,2862
1958 -> 1355
1959 -> 1958
196 -> 197
1960 -> 1961,1991
1961 -> 1962
1962 -> 1712
1963 -> 899
1964 -> 1963
1965 -> 1964
1966 -> 1967
1967 -> 1968
1968 -> 353
1969 -> 1970
197 -> 2762,92
1970 -> 1971
1971 -> 1529,2236,2492
1972 -> 1974
1973 -> 1003,2074
1974 -> 1973
1975 -> 1977
1976 -> 1975
1977 -> 879
1978 -> 1826
1979 -> 1978,2256
198 -> 196,2219,832
1980 -> 1979,2665
1981 -> 1982
1982 -> 145
1983 -> 1981
1984 -> 1985
1985 -> 762
1986 -> 1984
1987 -> 1786
1988 -> 1987
1989 -> 1988
199 -> 200
1990 -> 1960
1991 -> 1992
1992 -> 1990
1993 -> 1861
1994 -> 1993
1995 -> 1994,2958
1996 -> 1997
1997 -> 567
1998 -> 1996
1999 -> 2001
2 -> 0,1273,41
20 -> 3
200 -> 141
2000 -> 1999
2001 -> 545
2002 -> 2003
2003 -> 2004
2004 -> 1143
2005 -> 1170
2006 -> 2005
2007 -> 2006
2008 -> 107
2009 -> 2008
201 -> 199,2107,255
2010 -> 2009
2011 -> 2012
2012 -> 2013
2013 -> 2467,266
2014 -> 2016
2015 -> 2014
2016 -> 1634
2017 -> 2018
2018 -> 2019,2368
2019 -> 160
202 -> 203,547
2020 -> 2021
2021 -> 543
2022 -> 2020
2023 -> 889
2024 -> 2025
2025 -> 2023
2026 -> 2027
2027 -> 1771
2028 -> 2026
2029 -> 1236
203 -> 194,386
2030 -> 2029
2031 -> 2030
2032 -> 1705
2033 -> 2032
2034 -> 2033
2035 -> 2037
2036 -> 2035
2037 -> 1771
2038 -> 2040
2039 -> 2038
204 -> 202
2040 -> 642
2041 -> 1199,2556
2042 -> 2041
2043 -> 2042
2044 -> 2046
2045 -> 1531
2046 -> 2045
2047 -> 1080
2048 -> 2049
2049 -> 2047
205 -> 1277,188,223,370
2050 -> 1636
2051 -> 2052
2052 -> 2050,2321
2053 -> 577
2054 -> 2053
2055 -> 2054
2056 -> 2057
2057 -> 2058
2058 -> 824
2059 -> 2060
206 -> 207
2060 -> 2061
2061 -> 497
2062 -> 2063
2063 -> 1893
2064 -> 2062
2065 -> 2067,2278
2066 -> 1563
2067 -> 2066
2068 -> 2069
2069 -> 2070,2143
207 -> 205,257
2070 -> 1692
2071 -> 2072,2847
2072 -> 2073
2073 -> 1258
2074 -> 2075
2075 -> 2076
2076 -> 1973
2077 -> 2078
2078 -> 1835
2079 -> 2077
208 -> 4
2080 -> 2081
2081 -> 2082
2082 -> 506
2083 -> 2085
2084 -> 2083
2085 -> 167
2086 -> 2087,2965
2087 -> 2088
2088 -> 2915,365
2089 -> 2091
209 -> 1029,208
2090 -> 2089
2091 -> 1916
2092 -> 2093
2093 -> 1263
2094 -> 2092
2095 -> 2096
2096 -> 2097
2097 -> 1372
2098 -> 1384
2099 -> 2100
21 -> 20,483,90
210 -> 209,277,825
2100 -> 2098
2101 -> 885
2102 -> 2101
2103 -> 2102
2104 -> 1302
2105 -> 2106
2106 -> 2104
2107 -> 2109
2108 -> 201
2109 -> 2108
211 -> 1718,213
2110 -> 2111
2111 -> 2112
2112 -> 840
2113 -> 1401
2114 -> 2115,2568
2115 -> 2113
2116 -> 2117
2117 -> 1225
2118 -> 2116,2353,2728
2119 -> 2120
212 -> 1903,211
2120 -> 658
2121 -> 2119
2122 -> 2124
2123 -> 2122
2124 -> 259
2125 -> 559
2126 -> 2127
2127 -> 2125
2128 -> 2130,2147
2129 -> 2128
213 -> 2225,24
2130 -> 641
2131 -> 2132
2132 -> 1743
2133 -> 2131
2134 -> 2135
2135 -> 150
2136 -> 2134
2137 -> 2138
2138 -> 2139
2139 -> 298
214 -> 216,418
2140 -> 2141
2141 -> 2142
2142 -> 289
2143 -> 2144
2144 -> 2145
2145 -> 2069
2146 -> 2128,2517
2147 -> 2148
2148 -> 2146
2149 -> 2150
215 -> 36
2150 -> 2151
2151 -> 528
2152 -> 1657
2153 -> 2152
2154 -> 2153,2352
2155 -> 939
2156 -> 2155
2157 -> 2156
2158 -> 2159
2159 -> 2160
216 -> 1562,215,492,726
2160 -> 1821
2161 -> 2162
2162 -> 2163,2326
2163 -> 432
2164 -> 2165
2165 -> 658
2166 -> 2164
2167 -> 2168
2168 -> 1601
2169 -> 2167
217 -> 218
2170 -> 947
2171 -> 2170
2172 -> 2171
2173 -> 2174
2174 -> 2175
2175 -> 1577
2176 -> 2177
2177 -> 2178
2178 -> 983
2179 -> 2180
218 -> 219,540
2180 -> 1860
2181 -> 2179
2182 -> 80
2183 -> 2184
2184 -> 2182
2185 -> 589
2186 -> 2185
2187 -> 2186
2188 -> 2189
2189 -> 2190
219 -> 1360,191,1919
2190 -> 102
2191 -> 2193
2192 -> 1362
2193 -> 2192
2194 -> 2195
2195 -> 764
2196 -> 2194
2197 -> 2198
2198 -> 2199
2199 -> 59
22 -> 183,24
220 -> 1328,222
2200 -> 1441
2201 -> 2200
2202 -> 2201
2203 -> 2205
2204 -> 2203,2208
2205 -> 620
2206 -> 2204
2207 -> 2206
2208 -> 2207
2209 -> 2211,2558
221 -> 130,293
2210 -> 291
2211 -> 2210
2212 -> 2214
2213 -> 1288
2214 -> 2213,2938
2215 -> 2217
2216 -> 2215
2217 -> 607
2218 -> 198,2252
2219 -> 2220
222 -> 221,276
2220 -> 2218
2221 -> 2223
2222 -> 2221
2223 -> 746
2224 -> 213,2457
2225 -> 2226
2226 -> 2224
2227 -> 2228
2228 -> 2229
2229 -> 1524
223 -> 224,265,577
2230 -> 2231
2231 -> 2232
2232 -> 1773
2233 -> 2234
2234 -> 1718
2235 -> 2233
2236 -> 2238
2237 -> 1971
2238 -> 2237
2239 -> 2240,2886
224 -> 225,2529,317,899
2240 -> 1505
2241 -> 2239
2242 -> 1196
2243 -> 2242
2244 -> 2243
2245 -> 2247
2246 -> 2245
2247 -> 480
2248 -> 2250,2927
2249 -> 1650
225 -> 205
2250 -> 2249
2251 -> 2253
2252 -> 2251
2253 -> 2218
2254 -> 2255,2296
2255 -> 1979
2256 -> 2254
2257 -> 67
2258 -> 2259
2259 -> 2257
226 -> 180,472
2260 -> 1714
2261 -> 2262
2262 -> 2260
2263 -> 484
2264 -> 2263
2265 -> 2264
2266 -> 2267
2267 -> 2268
2268 -> 917
2269 -> 2271
227 -> 226,608
2270 -> 722
2271 -> 2270
2272 -> 7
2273 -> 2272
2274 -> 2273
2275 -> 2276
2276 -> 1623
2277 -> 2275,2521
2278 -> 2280
2279 -> 2065
228 -> 227,2324,289,425
2280 -> 2279
2281 -> 170
2282 -> 2283
2283 -> 2281
2284 -> 2286
2285 -> 469
2286 -> 2285
2287 -> 1316
2288 -> 2289
2289 -> 2287
229 -> 230
2290 -> 441
2291 -> 2292
2292 -> 2290
2293 -> 2294,2698
2294 -> 49
2295 -> 2293
2296 -> 2298
2297 -> 2254
2298 -> 2297
2299 -> 330
23 -> 19
230 -> 71
2300 -> 2301
2301 -> 2299
2302 -> 175
2303 -> 2302
2304 -> 2303
2305 -> 2307
2306 -> 1900
2307 -> 2306,2357
2308 -> 2309
2309 -> 2310
231 -> 229
2310 -> 1350
2311 -> 2312
2312 -> 1185
2313 -> 2311
2314 -> 900
2315 -> 2316
2316 -> 2314
2317 -> 195
2318 -> 2317
2319 -> 2318
232 -> 233
2320 -> 2322
2321 -> 2320
2322 -> 2052
2323 -> 228
2324 -> 2325
2325 -> 2323
2326 -> 2328
2327 -> 2162
2328 -> 2327
2329 -> 1359
233 -> 234,894,905
2330 -> 2331
2331 -> 2329,2560
2332 -> 2334
2333 -> 2332
2334 -> 886
2335 -> 2337
2336 -> 867
2337 -> 2336
2338 -> 2340
2339 -> 1481
234 -> 15
2340 -> 2339
2341 -> 2342
2342 -> 1702
2343 -> 2341
2344 -> 2346
2345 -> 1273
2346 -> 2345,2738
2347 -> 2349
2348 -> 895
2349 -> 2348
235 -> 236
2350 -> 2154
2351 -> 2350
2352 -> 2351
2353 -> 2355
2354 -> 2118
2355 -> 2354
2356 -> 2307
2357 -> 2358
2358 -> 2356
2359 -> 2361
236 -> 13
2360 -> 530
2361 -> 2360,2364
2362 -> 2363
2363 -> 2361
2364 -> 2362
2365 -> 2366
2366 -> 239,2525
2367 -> 2365
2368 -> 2370
2369 -> 2018
237 -> 1086,235,2687
2370 -> 2369
2371 -> 830
2372 -> 2373
2373 -> 2371
2374 -> 2375,2946
2375 -> 2376
2376 -> 1703
2377 -> 2379
2378 -> 2377
2379 -> 1813
238 -> 239
2380 -> 2382
2381 -> 2380
2382 -> 1622
2383 -> 2384
2384 -> 2385
2385 -> 1805
2386 -> 2388,2850
2387 -> 2386
2388 -> 1780
2389 -> 2390
239 -> 172,2367,2902,668
2390 -> 2391,2536
2391 -> 1518
2392 -> 2393
2393 -> 2394
2394 -> 1886
2395 -> 831
2396 -> 2395
2397 -> 2396
2398 -> 2400
2399 -> 2398
24 -> 212,23,60
240 -> 238
2400 -> 1859
2401 -> 2403
2402 -> 950
2403 -> 2402
2404 -> 555
2405 -> 2404
2406 -> 2405
2407 -> 2409
2408 -> 1356
2409 -> 2408
241 -> 1671,242,252,288,649
2410 -> 2412
2411 -> 2410
2412 -> 1186
2413 -> 2415
2414 -> 795
2415 -> 2414
2416 -> 2417
2417 -> 1105
2418 -> 2416
2419 -> 2420,2841
242 -> 1064,34,512
2420 -> 1077
2421 -> 2419
2422 -> 2424,2656
2423 -> 699
2424 -> 2423
2425 -> 2427
2426 -> 2425
2427 -> 1279
2428 -> 2429
2429 -> 2430
243 -> 1005,241,2519,657
2430 -> 1872
2431 -> 2432
2432 -> 669
2433 -> 2431
2434 -> 2436
2435 -> 1922
2436 -> 2435
2437 -> 2438
2438 -> 1078
2439 -> 2437
244 -> 245
2440 -> 2442
2441 -> 1809
2442 -> 2441
2443 -> 2444
2444 -> 2445
2445 -> 1151
2446 -> 585
2447 -> 2448
2448 -> 2446
2449 -> 2451
245 -> 246,536,576
2450 -> 2449
2451 -> 1297
2452 -> 2454
2453 -> 1221
2454 -> 2453
2455 -> 2224
2456 -> 2455
2457 -> 2456
2458 -> 2459
2459 -> 838
246 -> 7
2460 -> 2458
2461 -> 2463
2462 -> 2461
2463 -> 1864
2464 -> 2465
2465 -> 2466,2634
2466 -> 1539
2467 -> 2469
2468 -> 2013
2469 -> 2468
247 -> 249
2470 -> 1238
2471 -> 2472
2472 -> 2470
2473 -> 2475
2474 -> 91
2475 -> 2474
2476 -> 2478
2477 -> 621
2478 -> 2477
2479 -> 122
248 -> 173
2480 -> 2481
2481 -> 2479
2482 -> 2483
2483 -> 812
2484 -> 2482
2485 -> 2486
2486 -> 2487
2487 -> 1124
2488 -> 371
2489 -> 2490
249 -> 1261,1814,248
2490 -> 2488
2491 -> 1971
2492 -> 2493
2493 -> 2491
2494 -> 2495
2495 -> 1587
2496 -> 2494
2497 -> 2498
2498 -> 442
2499 -> 2497
25 -> 4,68,771
250 -> 241
2500 -> 2501
2501 -> 1796
2502 -> 2500
2503 -> 2505
2504 -> 2503
2505 -> 1341
2506 -> 1843
2507 -> 2508
2508 -> 2506
2509 -> 2510
251 -> 250,776
2510 -> 779
2511 -> 2509,2512
2512 -> 2514
2513 -> 2511
2514 -> 2513
2515 -> 2146
2516 -> 2515
2517 -> 2516
2518 -> 2520
2519 -> 2518
252 -> 251
2520 -> 243
2521 -> 2523,2868
2522 -> 2277
2523 -> 2522
2524 -> 2526
2525 -> 2524
2526 -> 2366,2819
2527 -> 224
2528 -> 2527
2529 -> 2528
253 -> 254,514
2530 -> 2532,2607
2531 -> 181
2532 -> 2531
2533 -> 74
2534 -> 2533
2535 -> 2534
2536 -> 2538
2537 -> 2390
2538 -> 2537
2539 -> 2540
254 -> 1024,201
2540 -> 1733
2541 -> 2539
2542 -> 1719
2543 -> 2544
2544 -> 2542
2545 -> 2547,2793
2546 -> 1726
2547 -> 2546
2548 -> 2549
2549 -> 2550
255 -> 253
2550 -> 1358
2551 -> 2552
2552 -> 1351,2784
2553 -> 2551
2554 -> 2555
2555 -> 2041
2556 -> 2554,2715
2557 -> 2209
2558 -> 2559
2559 -> 2557
256 -> 207,487
2560 -> 2561
2561 -> 2562
2562 -> 2331
2563 -> 2564
2564 -> 748
2565 -> 2563
2566 -> 2114
2567 -> 2566
2568 -> 2567
2569 -> 2570
257 -> 258,2953,389
2570 -> 2571
2571 -> 770
2572 -> 2573
2573 -> 1289
2574 -> 2572
2575 -> 2576
2576 -> 1505
2577 -> 2575
2578 -> 2579
2579 -> 1010
258 -> 256
2580 -> 2578
2581 -> 2582
2582 -> 1815
2583 -> 2581
2584 -> 2585
2585 -> 429
2586 -> 2584
2587 -> 2589
2588 -> 753
2589 -> 2588
259 -> 2123,260,935
2590 -> 2592
2591 -> 92
2592 -> 2591
2593 -> 795
2594 -> 2595
2595 -> 2593
2596 -> 2598
2597 -> 1564
2598 -> 2597
2599 -> 1015
26 -> 27
260 -> 261
2600 -> 2601
2601 -> 2599
2602 -> 2604
2603 -> 2602,2921
2604 -> 186
2605 -> 2606
2606 -> 2530
2607 -> 2605
2608 -> 2610
2609 -> 2608
261 -> 143,2831,842,969
2610 -> 1039
2611 -> 2613
2612 -> 2611
2613 -> 1291
2614 -> 30
2615 -> 2616
2616 -> 2614
2617 -> 2618
2618 -> 89
2619 -> 2617
262 -> 1201,263
2620 -> 384
2621 -> 2620
2622 -> 2621
2623 -> 838
2624 -> 2623
2625 -> 2624
2626 -> 745
2627 -> 2628
2628 -> 2626
2629 -> 2630
263 -> 264,449
2630 -> 111
2631 -> 2629
2632 -> 2633,2950
2633 -> 2465
2634 -> 2632
2635 -> 1076
2636 -> 2637
2637 -> 2635
2638 -> 2640
2639 -> 2638
264 -> 156,569
2640 -> 1736,2794
2641 -> 2642
2642 -> 2643
2643 -> 1210
2644 -> 768
2645 -> 2644
2646 -> 2645
2647 -> 17
2648 -> 2649
2649 -> 2647
265 -> 267
2650 -> 2652
2651 -> 1279
2652 -> 2651
2653 -> 2655
2654 -> 2653
2655 -> 379
2656 -> 2657
2657 -> 2658
2658 -> 2422
2659 -> 1590
266 -> 2011,223
2660 -> 2661
2661 -> 2659
2662 -> 2664
2663 -> 2662
2664 -> 1683
2665 -> 2667
2666 -> 1980
2667 -> 2666
2668 -> 1301
2669 -> 2670
267 -> 266,353
2670 -> 2668
2671 -> 841
2672 -> 2671
2673 -> 2672
2674 -> 2676
2675 -> 1848
2676 -> 2675
2677 -> 337
2678 -> 2679
2679 -> 2677
268 -> 5
2680 -> 2681
2681 -> 556
2682 -> 2680
2683 -> 2684
2684 -> 399
2685 -> 2683
2686 -> 237
2687 -> 2688
2688 -> 2686
2689 -> 2691
269 -> 268,339
2690 -> 1498
2691 -> 2690
2692 -> 2694
2693 -> 2692
2694 -> 735
2695 -> 926
2696 -> 2697
2697 -> 2695
2698 -> 2699
2699 -> 2700
27 -> 25
270 -> 269
2700 -> 2293
2701 -> 2703
2702 -> 2701
2703 -> 1469
2704 -> 2706
2705 -> 1923
2706 -> 2705
2707 -> 672
2708 -> 2709
2709 -> 2707
271 -> 59
2710 -> 1858
2711 -> 2712
2712 -> 2710
2713 -> 2714
2714 -> 2556
2715 -> 2713
2716 -> 2718
2717 -> 194
2718 -> 2717
2719 -> 86
272 -> 1571,271,309,993
2720 -> 2721
2721 -> 2719
2722 -> 2723
2723 -> 1167
2724 -> 2722
2725 -> 2726,2741
2726 -> 2727
2727 -> 191
2728 -> 2729
2729 -> 2730
273 -> 272
2730 -> 2118
2731 -> 2732
2732 -> 2733
2733 -> 1614
2734 -> 1771
2735 -> 2736
2736 -> 2734,2890
2737 -> 2346
2738 -> 2739
2739 -> 2737
274 -> 1779,222,844
2740 -> 2742
2741 -> 2740
2742 -> 2725
2743 -> 628
2744 -> 2745
2745 -> 2743
2746 -> 799
2747 -> 2748
2748 -> 2746
2749 -> 1890
275 -> 1555,1594,274
2750 -> 2751
2751 -> 2749
2752 -> 2754
2753 -> 318
2754 -> 2753
2755 -> 2756
2756 -> 2757
2757 -> 918
2758 -> 2760
2759 -> 979
276 -> 275
2760 -> 2759
2761 -> 2763
2762 -> 2761
2763 -> 197
2764 -> 2766
2765 -> 2764
2766 -> 1836
2767 -> 2768
2768 -> 2769
2769 -> 338
277 -> 279
2770 -> 2772
2771 -> 537
2772 -> 2771
2773 -> 2775
2774 -> 2773
2775 -> 1430
2776 -> 2778
2777 -> 2776
2778 -> 510
2779 -> 401
278 -> 210
2780 -> 2779
2781 -> 2780
2782 -> 2783
2783 -> 2552
2784 -> 2782
2785 -> 2787
2786 -> 2785
2787 -> 1635
2788 -> 2790
2789 -> 717
279 -> 1489,278,907
2790 -> 2789
2791 -> 2545
2792 -> 2791
2793 -> 2792
2794 -> 2795
2795 -> 2796
2796 -> 2640
2797 -> 2799
2798 -> 1066
2799 -> 2798
28 -> 1337,29,463,632
280 -> 281
2800 -> 2802
2801 -> 2800
2802 -> 537
2803 -> 334
2804 -> 2803
2805 -> 2804
2806 -> 2808
2807 -> 2806
2808 -> 858
2809 -> 571
281 -> 132,329
2810 -> 2811
2811 -> 2809
2812 -> 2814
2813 -> 1855
2814 -> 2813
2815 -> 361
2816 -> 2815
2817 -> 2816
2818 -> 2526
2819 -> 2820
282 -> 280,580,815
2820 -> 2818
2821 -> 2822
2822 -> 1841
2823 -> 2821
2824 -> 2825
2825 -> 2826
2826 -> 158
2827 -> 2829,2901
2828 -> 1694
2829 -> 2828
283 -> 1320,284,494
2830 -> 261
2831 -> 2832
2832 -> 2830
2833 -> 2835
2834 -> 366
2835 -> 2834
2836 -> 1062
2837 -> 2838
2838 -> 2836
2839 -> 2419
284 -> 285
2840 -> 2839
2841 -> 2840
2842 -> 1177
2843 -> 2844
2844 -> 2842
2845 -> 2846
2846 -> 2071
2847 -> 2845
2848 -> 2386
2849 -> 2848
285 -> 143
2850 -> 2849
2851 -> 1112
2852 -> 2851
2853 -> 2852
2854 -> 2855
2855 -> 617
2856 -> 2854
2857 -> 1742
2858 -> 2857,2874
2859 -> 2858
286 -> 241
2860 -> 2861
2861 -> 1957
2862 -> 2860
2863 -> 2864
2864 -> 73
2865 -> 2863
2866 -> 2521
2867 -> 2866
2868 -> 2867
2869 -> 2870
287 -> 286
2870 -> 1454
2871 -> 2869
2872 -> 2873
2873 -> 2858
2874 -> 2872
2875 -> 2877
2876 -> 2875
2877 -> 678
2878 -> 515
2879 -> 2878
288 -> 287,431
2880 -> 2879
2881 -> 1917
2882 -> 2883
2883 -> 2881
2884 -> 2239
2885 -> 2884
2886 -> 2885
2887 -> 1743
2888 -> 2889
2889 -> 2887
289 -> 2140,291
2890 -> 2892
2891 -> 2736
2892 -> 2891
2893 -> 2895
2894 -> 462
2895 -> 2894
2896 -> 2898
2897 -> 1490
2898 -> 2897
2899 -> 2900
29 -> 30
290 -> 228
2900 -> 2827
2901 -> 2899
2902 -> 2904
2903 -> 239
2904 -> 2903
2905 -> 1918
2906 -> 2905
2907 -> 2906
2908 -> 467
2909 -> 2908
291 -> 2209,290
2910 -> 2909
2911 -> 2912
2912 -> 567
2913 -> 2911
2914 -> 2916
2915 -> 2914
2916 -> 2088
2917 -> 2918
2918 -> 1189
2919 -> 2917
292 -> 221
2920 -> 2603
2921 -> 2922
2922 -> 2920
2923 -> 826
2924 -> 2925
2925 -> 2923
2926 -> 2248
2927 -> 2928
2928 -> 2926
2929 -> 2930
293 -> 294
2930 -> 1371
2931 -> 2929
2932 -> 1282
2933 -> 2932
2934 -> 2933
2935 -> 1505
2936 -> 2935
2937 -> 2936
2938 -> 2939
2939 -> 2940
294 -> 292
2940 -> 2214
2941 -> 2942
2942 -> 1882
2943 -> 2941
2944 -> 2945
2945 -> 2374
2946 -> 2944
2947 -> 2948
2948 -> 2949
2949 -> 1251
295 -> 296
2950 -> 2951
2951 -> 2952
2952 -> 2632
2953 -> 2954
2954 -> 2955
2955 -> 257
2956 -> 1995
2957 -> 2956
2958 -> 2957
2959 -> 2961
296 -> 1573,297,748
2960 -> 682
2961 -> 2960
2962 -> 2964
2963 -> 2962
2964 -> 1072
2965 -> 2966
2966 -> 2967
2967 -> 2086
2968 -> 1342
2969 -> 2968
297 -> 182
2970 -> 2969
2971 -> 1375
2972 -> 2973
2973 -> 2971
2974 -> 2976
2975 -> 2974
2976 -> 585
2977 -> 2979
2978 -> 739
2979 -> 2978
298 -> 2137,300,700
2980 -> 2982
2981 -> 2980
2982 -> 809
2983 -> 2985
2984 -> 2983
2985 -> 1123
2986 -> 2988
2987 -> 583
2988 -> 2987
2989 -> 2990
299 -> 298,382
2990 -> 924
2991 -> 2989
2992 -> 718
2993 -> 2992
2994 -> 2993
2995 -> 2997
2996 -> 2995
2997 -> 913
2998 -> 3000
2999 -> 2998
3 -> 1,19
30 -> 16,2615,57
300 -> 123,950
3000 -> 1720
301 -> 303,719
302 -> 312,723,79,996
303 -> 302,360,508
304 -> 106,624
305 -> 306
306 -> 304
307 -> 308,758
308 -> 1735,272
309 -> 307,315
31 -> 1867,7
310 -> 311
311 -> 302,911
312 -> 1236,1280,1701,310
313 -> 309,319,680
314 -> 313
315 -> 314
316 -> 224,423
317 -> 318,660
318 -> 2752,316
319 -> 321
32 -> 31
320 -> 313
321 -> 1547,320
322 -> 323
323 -> 324
324 -> 179
325 -> 159
326 -> 325,560
327 -> 1010,326
328 -> 1022,281
329 -> 1455,330
33 -> 32
330 -> 1646,2300,328
331 -> 107
332 -> 333
333 -> 1422,331
334 -> 2805,335,381
335 -> 336
336 -> 109,1517
337 -> 2678,269
338 -> 2767,337,402
339 -> 1345,338
34 -> 243,36
340 -> 1045,341
341 -> 172
342 -> 340,348
343 -> 345
344 -> 187
345 -> 344
346 -> 342,349,364
347 -> 346
348 -> 347,984
349 -> 351,373,695
35 -> 34,61,97
350 -> 346,394
351 -> 350,435
352 -> 267
353 -> 1966,354,941
354 -> 1098,352
355 -> 1139,356
356 -> 357
357 -> 191,558
358 -> 303,838
359 -> 1679,358,444,461,645
36 -> 17,214,46
360 -> 359,367
361 -> 172,1872,2817,436,786
362 -> 363
363 -> 361,919
364 -> 365,413
365 -> 2086,366
366 -> 2833,346
367 -> 368
368 -> 369
369 -> 360
37 -> 1298,9
370 -> 371
371 -> 2489,372,458
372 -> 205
373 -> 374
374 -> 375
375 -> 349
376 -> 144
377 -> 378
378 -> 376
379 -> 2654,334
38 -> 1006,39,553
380 -> 379
381 -> 380
382 -> 383
383 -> 384
384 -> 2622,299,497
385 -> 387
386 -> 385
387 -> 203
388 -> 257
389 -> 390
39 -> 1038,37
390 -> 388,506
391 -> 114
392 -> 391,469
393 -> 1662,392
394 -> 396,441
395 -> 350
396 -> 1152,395
397 -> 399,598
398 -> 147
399 -> 2685,398
4 -> 137,17,210,26,5,72
40 -> 42
400 -> 401
401 -> 1833,2781,338
402 -> 1636,400
403 -> 404
404 -> 1733,405
405 -> 1264,193
406 -> 408
407 -> 406
408 -> 1227,135,691
409 -> 183
41 -> 189,40,837
410 -> 411
411 -> 409,615
412 -> 414
413 -> 412
414 -> 364,429
415 -> 417
416 -> 17
417 -> 1591,416,501
418 -> 419
419 -> 420
42 -> 135,2
420 -> 1161,1221,1617,214,819
421 -> 316,478
422 -> 421
423 -> 1049,422
424 -> 228
425 -> 426
426 -> 424
427 -> 1179,1759,414
428 -> 427
429 -> 2586,428
43 -> 1293,1535,45,829
430 -> 432
431 -> 430
432 -> 2161,288
433 -> 351
434 -> 1676,433,597
435 -> 1075,1357,434
436 -> 1218,438
437 -> 361
438 -> 1600,437
439 -> 440
44 -> 0,526
440 -> 1436,394
441 -> 2291,439
442 -> 2499,359
443 -> 1485,442
444 -> 443
445 -> 446,629
446 -> 50
447 -> 445
448 -> 263
449 -> 450
45 -> 44,637,641
450 -> 448
451 -> 141
452 -> 451,455
453 -> 452
454 -> 452
455 -> 1843,456
456 -> 454
457 -> 1244,371
458 -> 459
459 -> 1859,457
46 -> 1193,47
460 -> 359
461 -> 462
462 -> 2893,460
463 -> 464,863
464 -> 465
465 -> 1474,28
466 -> 81
467 -> 1109,1143,2910,466,531
468 -> 467
469 -> 2284,470,563,802
47 -> 48,524,81
470 -> 471
471 -> 392
472 -> 473
473 -> 474
474 -> 226
475 -> 115
476 -> 477
477 -> 475
478 -> 480
479 -> 1156,1623,421,765
48 -> 1283,36,732
480 -> 2246,479,616
481 -> 21
482 -> 1424,481
483 -> 482
484 -> 2265,486
485 -> 59
486 -> 485
487 -> 489,761
488 -> 256
489 -> 488
49 -> 2295,50
490 -> 216
491 -> 490
492 -> 491
493 -> 283,877
494 -> 495
495 -> 493,703
496 -> 1285,1366,1392,384
497 -> 2059,498
498 -> 496
499 -> 417
5 -> 10,270,6,604
50 -> 1309,172,1837,447,51,736
500 -> 499
501 -> 1458,500
502 -> 504,552
503 -> 502,895
504 -> 112,1494
505 -> 1081,507
506 -> 2080,505,710
507 -> 390
508 -> 510
509 -> 303,611,966
51 -> 1
510 -> 1665,2777,509
511 -> 513
512 -> 511
513 -> 242
514 -> 516,794
515 -> 1040,253,2880,586
516 -> 1897,515
517 -> 519
518 -> 65
519 -> 518
52 -> 53
520 -> 188
521 -> 1533,522
522 -> 1901,520,735
523 -> 47
524 -> 1480,525,685
525 -> 523
526 -> 528
527 -> 44
528 -> 2149,527
529 -> 467
53 -> 9
530 -> 2359,529
531 -> 1873,530
532 -> 534
533 -> 532
534 -> 634,77
535 -> 1052,537
536 -> 535,799
537 -> 1102,245,2770,2801
538 -> 218
539 -> 538
54 -> 52,931
540 -> 539,716
541 -> 176,985
542 -> 543
543 -> 2022,541
544 -> 546
545 -> 1912,2000,544
546 -> 1165,174
547 -> 548,590,798
548 -> 1199,549
549 -> 202
55 -> 1721,30
550 -> 551
551 -> 502
552 -> 1014,550
553 -> 554,746
554 -> 555
555 -> 2406,38
556 -> 2682,357
557 -> 556
558 -> 557
559 -> 1240,2126,561
56 -> 55
560 -> 559
561 -> 1001,1350,1443,326
562 -> 469,583
563 -> 564
564 -> 562
565 -> 111,1708
566 -> 567,903
567 -> 1539,1998,2913,565,852
568 -> 264
569 -> 570
57 -> 141,1928,56
570 -> 568
571 -> 2810,573
572 -> 59
573 -> 572
574 -> 245
575 -> 574
576 -> 575
577 -> 2055,579
578 -> 223
579 -> 578
58 -> 24,594,64
580 -> 581
581 -> 582
582 -> 282
583 -> 2986,584,621,671
584 -> 1033,1100,585
585 -> 2447,2975,562
586 -> 587
587 -> 588,676
588 -> 515,956
589 -> 1145,1528,2187,591
59 -> 2197,273,484,571,58
590 -> 589,603
591 -> 1332,1409,547
592 -> 593
593 -> 58
594 -> 592
595 -> 434
596 -> 595
597 -> 596,752
598 -> 600
599 -> 1126,397
6 -> 0,8
60 -> 166,59,744,84
600 -> 599
601 -> 590
602 -> 601
603 -> 602
604 -> 605
605 -> 1055,1341,606
606 -> 5
607 -> 2216,227
608 -> 609
609 -> 607
61 -> 161,62,828,86
610 -> 612,781,871
611 -> 610
612 -> 509
613 -> 614
614 -> 411
615 -> 1728,613
616 -> 617
617 -> 1117,2856,618
618 -> 480
619 -> 620,699
62 -> 109,63
620 -> 2204,583
621 -> 1059,1526,1603,1650,2476,619
622 -> 623
623 -> 304
624 -> 622
625 -> 627
626 -> 625,728
627 -> 123
628 -> 1239,2744,630
629 -> 628
63 -> 153,35
630 -> 1607,445,974
631 -> 633
632 -> 631
633 -> 28
634 -> 1657,636
635 -> 1397,534,673
636 -> 635
637 -> 1857,639
638 -> 45
639 -> 638
64 -> 1169,66,93
640 -> 45
641 -> 1471,2129,642,929
642 -> 2039,640
643 -> 644
644 -> 359
645 -> 643
646 -> 157,970
647 -> 646,689
648 -> 1196,647
649 -> 651
65 -> 1247,147,156,517,58
650 -> 241
651 -> 650,666
652 -> 1416,653
653 -> 18,792
654 -> 652
655 -> 243
656 -> 1342,1508,655
657 -> 656
658 -> 2121,2166,317
659 -> 658
66 -> 65
660 -> 659
661 -> 663
662 -> 661
663 -> 15,925
664 -> 665,917
665 -> 651
666 -> 664
667 -> 669
668 -> 667
669 -> 239,2433
67 -> 1887,2258,69
670 -> 672
671 -> 1498,670
672 -> 2708,583
673 -> 675
674 -> 635
675 -> 674
676 -> 678,848
677 -> 1087,587
678 -> 2876,677
679 -> 1399,681
68 -> 67
680 -> 679,883
681 -> 313
682 -> 2959,84
683 -> 682
684 -> 683
685 -> 1952,687
686 -> 1792,524,787
687 -> 686
688 -> 647
689 -> 690
69 -> 25
690 -> 688
691 -> 1541,693
692 -> 408
693 -> 692
694 -> 349
695 -> 1772,696
696 -> 694
697 -> 619
698 -> 697
699 -> 2422,698
7 -> 2274,244,33,6
70 -> 4
700 -> 701
701 -> 702
702 -> 1896,298
703 -> 1206,1742,1775,705
704 -> 495
705 -> 704
706 -> 708
707 -> 706
708 -> 157
709 -> 506
71 -> 1183,231,70
710 -> 1804,711,870
711 -> 709
712 -> 713
713 -> 164
714 -> 712
715 -> 540
716 -> 717
717 -> 2788,715
718 -> 2994,720
719 -> 718,946
72 -> 71,75
720 -> 301
721 -> 722
722 -> 2269,302
723 -> 721
724 -> 725,889
725 -> 216,754
726 -> 724
727 -> 729
728 -> 727,954
729 -> 626
73 -> 1684,2865,74
730 -> 48
731 -> 730
732 -> 731
733 -> 522
734 -> 733
735 -> 2693,734
736 -> 738
737 -> 50
738 -> 1712,737
739 -> 1228,2977,740
74 -> 2535,72
740 -> 170
741 -> 739
742 -> 60
743 -> 742
744 -> 743
745 -> 2627,747
746 -> 2222,745
747 -> 1809,553
748 -> 1137,2565,750
749 -> 296
75 -> 73
750 -> 749,923
751 -> 597
752 -> 753
753 -> 1789,2587,751
754 -> 755
755 -> 756
756 -> 725
757 -> 759
758 -> 757
759 -> 307
76 -> 8
760 -> 762
761 -> 760
762 -> 1986,487
763 -> 479
764 -> 2196,763,881
765 -> 764
766 -> 1467,767
767 -> 17
768 -> 1738,2646,766
769 -> 1385,770
77 -> 533,76
770 -> 25,2569
771 -> 769
772 -> 79
773 -> 772,888
774 -> 773
775 -> 777
776 -> 775
777 -> 251
778 -> 154
779 -> 2511,778
78 -> 1315,1888,77
780 -> 779
781 -> 782
782 -> 783
783 -> 610,856
784 -> 361
785 -> 784
786 -> 785
787 -> 789
788 -> 686
789 -> 788
79 -> 106,301,47,774
790 -> 1395,791
791 -> 653
792 -> 1188,1267,790
793 -> 795
794 -> 793
795 -> 2413,2594,514
796 -> 1120,797
797 -> 547
798 -> 796
799 -> 2747,801
8 -> 78,9
80 -> 2183,79
800 -> 536,913
801 -> 800
802 -> 803
803 -> 804
804 -> 469
805 -> 807
806 -> 156
807 -> 806,808
808 -> 810
809 -> 2981,807
81 -> 468,80,860
810 -> 809
811 -> 812
812 -> 154,2484
813 -> 811
814 -> 1132,282
815 -> 816
816 -> 1683,814
817 -> 420
818 -> 817
819 -> 1335,818
82 -> 191,60,865
820 -> 133
821 -> 822
822 -> 820
823 -> 824
824 -> 2056,210
825 -> 823
826 -> 2924,61
827 -> 1254,826
828 -> 827
829 -> 830
83 -> 1354,82
830 -> 1782,2372,831
831 -> 2397,43
832 -> 1016,834
833 -> 1383,198
834 -> 833
835 -> 836
836 -> 41
837 -> 835
838 -> 2460,2625,839
839 -> 1462,840
84 -> 684,83
840 -> 1644,2110,358
841 -> 261,2673
842 -> 843
843 -> 841
844 -> 845
845 -> 846
846 -> 274
847 -> 849
848 -> 847
849 -> 676
85 -> 87
850 -> 851
851 -> 1044,1655,567
852 -> 850
853 -> 854
854 -> 143
855 -> 853
856 -> 858
857 -> 1811,783
858 -> 2807,857
859 -> 1257,81
86 -> 2720,85
860 -> 861
861 -> 859
862 -> 463
863 -> 864
864 -> 862
865 -> 866
866 -> 867
867 -> 2335,82
868 -> 869
869 -> 710
87 -> 61
870 -> 868
871 -> 873
872 -> 610
873 -> 1116,1214,872
874 -> 876
875 -> 874
876 -> 111
877 -> 879
878 -> 493
879 -> 1976,878
88 -> 89
880 -> 764
881 -> 882
882 -> 880
883 -> 885
884 -> 680
885 -> 2103,884
886 -> 2333,887
887 -> 773
888 -> 886
889 -> 2024,890,958
89 -> 1153,21,2619
890 -> 891
891 -> 724
892 -> 233
893 -> 892
894 -> 893,938
895 -> 2347,896
896 -> 897
897 -> 503
898 -> 224
899 -> 1965,900
9 -> 38,54,7
90 -> 1231,88
900 -> 1862,2315,898
901 -> 566
902 -> 901
903 -> 1107,902
904 -> 906
905 -> 904
906 -> 233
907 -> 909
908 -> 279
909 -> 908
91 -> 1568,1724,2473,92
910 -> 912
911 -> 910
912 -> 311
913 -> 2996,914,980
914 -> 915
915 -> 800
916 -> 1130,1164,918
917 -> 2266,916
918 -> 2755,664
919 -> 921
92 -> 118,198,2590,64
920 -> 363
921 -> 920
922 -> 924
923 -> 922
924 -> 1909,2991,750
925 -> 926
926 -> 2696,927
927 -> 663
928 -> 641
929 -> 1433,1668,930
93 -> 1882,91
930 -> 928
931 -> 932
932 -> 933
933 -> 54
934 -> 259
935 -> 936
936 -> 934
937 -> 894
938 -> 939
939 -> 2157,937
94 -> 16
940 -> 353
941 -> 942
942 -> 1079,940
943 -> 945
944 -> 943
945 -> 162
946 -> 948
947 -> 2172,719
948 -> 947
949 -> 300
95 -> 105,96
950 -> 2401,951
951 -> 949
952 -> 953
953 -> 1304,728,990
954 -> 952
955 -> 588
956 -> 957
957 -> 1922,955
958 -> 1784,959
959 -> 960
96 -> 94
960 -> 889
961 -> 188
962 -> 963
963 -> 961
964 -> 509
965 -> 964
966 -> 1208,1446,965
967 -> 968
968 -> 261
969 -> 967
97 -> 98
970 -> 972
971 -> 646
972 -> 971
973 -> 630
974 -> 975
975 -> 973
976 -> 978
977 -> 194
978 -> 977
979 -> 1062,2758,981
98 -> 115,99
980 -> 979
981 -> 913
982 -> 983
983 -> 2176,348
984 -> 982
985 -> 1584,986
986 -> 987
987 -> 1625,541
988 -> 989
989 -> 953
99 -> 1715,35
990 -> 988
991 -> 272
992 -> 991
993 -> 992
994 -> 995
995 -> 1365,1827,302
996 -> 994
997 -> 999
998 -> 1074,136
999 -> 998
