(+9 -8 +12 +7 +1 -14 +13 +3 -5 -11 +6 -2 +10 -4)
(+9 -8 +12 +7 +1 -14 -10 +2 -6 +11 +5 -3 -13 -4)
(+9 -8 +12 +7 -14 -10 +2 -6 +11 +5 -3 -13 -4)(+1)
(+9 -8 +11 +5 -3 -13 -4)(+7 -14 -10 +2 -6 +12)(+1)
(+9 -8 +11 +5)(+4 +13 +3)(+7 -14 -10 +2 -6 +12)(+1)
(+9 -8 +11 +5 +7 -14 -10 +2 -6 +12)(+4 +13 +3)(+1)
(+9 -8 +11 +5 +7 -14 -10 -2 -6 +12)(+4 +13 +3)(+1)
(+9 -8 +11 +1 +5 +7 -14 -10 -2 -6 +12)(+4 +13 +3)
(+9 -8 +11 +1 +5 +7 -14 -10 -2 -6 -13 -4 -3 +12)
(+9 +5 +7 -14 -10 -2 -6 -13 -4 -3 +12)(-11 +8 -1)
(+9 +5 +7 -14 -1 -11 +8 -10 -2 -6 -13 -4 -3 +12)
(+9 +5 +7 -14 -1 -11 +8 -10 -2 +3 +4 +13 +6 +12)
